{
  "session_info": {
    "duration": 52.5,
    "total_frames": 1571,
    "processed_frames": 30
  },
  "trajectory": [
    {
      "frame": 0,
      "timestamp": 312434762722637,
      "position": [
        0.0,
        0.0,
        0.0
      ],
      "rotation": [
        [
          1.0,
          0.0,
          0.0
        ],
        [
          0.0,
          1.0,
          0.0
        ],
        [
          0.0,
          0.0,
          1.0
        ]
      ]
    },
    {
      "frame": 5,
      "timestamp": 312434916786907,
      "position": [
        -0.24167130363328587,
        0.007017437715614577,
        -0.9703327968115348
      ],
      "rotation": [
        [
          0.9999697443982286,
          -0.006365886999110404,
          -0.004470544805233628
        ],
        [
          0.006383765183786724,
          0.9999716382068863,
          0.003996288767650256
        ],
        [
          0.004444978089856068,
          -0.0040247067658086295,
          0.9999820217910069
        ]
      ]
    },
    {
      "frame": 10,
      "timestamp": 312435079615293,
      "position": [
        -0.5137000565285404,
        0.35864389435689953,
        -0.07458774793426237
      ],
      "rotation": [
        [
          0.9998550290884731,
          -0.006993364152235653,
          -0.015524614788213695
        ],
        [
          0.00708235531060481,
          0.9999587613488593,
          0.005684702710742191
        ],
        [
          0.0154842193778872,
          -0.005793829432198759,
          0.9998633259054799
        ]
      ]
    },
    {
      "frame": 15,
      "timestamp": 312435247045709,
      "position": [
        -0.6035079554983227,
        0.5604388802712065,
        0.9007139104989004
      ],
      "rotation": [
        [
          0.9996561298230495,
          -0.0005292487455380605,
          -0.026217208145934676
        ],
        [
          0.0005963172649101031,
          0.9999965698382353,
          0.002550434763555417
        ],
        [
          0.026215768402270776,
          -0.0025651915189570953,
          0.9996530164409795
        ]
      ]
    },
    {
      "frame": 20,
      "timestamp": 312435412605501,
      "position": [
        -0.6762445979992001,
        0.6189261285981728,
        1.8963486942528824
      ],
      "rotation": [
        [
          0.9993685339793109,
          0.0033372038764497114,
          -0.03537508109290698
        ],
        [
          -0.003073476896597919,
          0.9999670993885289,
          0.007506922156116134
        ],
        [
          0.035398969360827655,
          -0.007393457295399782,
          0.9993459109624714
        ]
      ]
    },
    {
      "frame": 25,
      "timestamp": 312435582323470,
      "position": [
        -0.2676555433867233,
        0.5879183732025423,
        0.9841571005861753
      ],
      "rotation": [
        [
          0.9987140080798215,
          0.00982607457738475,
          -0.04973709202937038
        ],
        [
          -0.008408845966098422,
          0.9995548833280865,
          0.028623880318607086
        ],
        [
          0.049996213603200446,
          -0.028168838694116054,
          0.9983520897719238
        ]
      ]
    },
    {
      "frame": 30,
      "timestamp": 312435746363261,
      "position": [
        -0.53649671045309,
        0.7739513894665099,
        1.9292053235621904
      ],
      "rotation": [
        [
          0.9981625079917846,
          0.021837594906843144,
          -0.05652191688394006
        ],
        [
          -0.017643239180104745,
          0.9971265227165376,
          0.0736709834769428
        ],
        [
          0.057968299533314435,
          -0.07253838393506519,
          0.9956795966099257
        ]
      ]
    },
    {
      "frame": 35,
      "timestamp": 312435917340084,
      "position": [
        -0.22086484519815275,
        1.0484432783134996,
        1.020893301956784
      ],
      "rotation": [
        [
          0.9966637927014718,
          0.04251268297959802,
          -0.06967033876616761
        ],
        [
          -0.03374175691662676,
          0.9918876778986535,
          0.12255744886785469
        ],
        [
          0.07431539650769375,
          -0.11979777217750573,
          0.9900129876032989
        ]
      ]
    },
    {
      "frame": 40,
      "timestamp": 312436082220605,
      "position": [
        0.1797015765951735,
        0.7713116811722365,
        0.14754078458615028
      ],
      "rotation": [
        [
          0.9950687425470991,
          0.06557626641053971,
          -0.0744174098540614
        ],
        [
          -0.0522590762032356,
          0.9843013311571892,
          0.16858196355651495
        ],
        [
          0.08430413133481678,
          -0.16386165739989147,
          0.9828744429854923
        ]
      ]
    },
    {
      "frame": 45,
      "timestamp": 312436248521647,
      "position": [
        0.7935927502783725,
        1.2825404859528078,
        -0.45394299411157224
      ],
      "rotation": [
        [
          0.9900248671593723,
          0.1120543292793329,
          -0.08540837017426517
        ],
        [
          -0.09451170565428993,
          0.9777550111232078,
          0.18725030231690634
        ],
        [
          0.10449066896322712,
          -0.17731036493452484,
          0.9785922207878021
        ]
      ]
    },
    {
      "frame": 50,
      "timestamp": 312436412752949,
      "position": [
        0.8506733993316657,
        1.0318333761305252,
        -1.4203216696773218
      ],
      "rotation": [
        [
          0.9849110164509045,
          0.1519500325030711,
          -0.08283403464735933
        ],
        [
          -0.12522678582101557,
          0.9561078201071394,
          0.2649076979683898
        ],
        [
          0.11945100161397688,
          -0.25053747015624084,
          0.9607093391141401
        ]
      ]
    },
    {
      "frame": 55,
      "timestamp": 312436580353782,
      "position": [
        0.08342313908951315,
        0.3906060981859838,
        -1.4078871942890891
      ],
      "rotation": [
        [
          0.9861650011631058,
          0.16089285791510846,
          -0.03990086155559251
        ],
        [
          -0.13688125371945378,
          0.9261474400539887,
          0.3514462144647942
        ],
        [
          0.09349926663434831,
          -0.34112227654222754,
          0.9353574074039757
        ]
      ]
    },
    {
      "frame": 60,
      "timestamp": 312436749495136,
      "position": [
        -0.25213855297659254,
        0.2118019473059612,
        -2.332780391607464
      ],
      "rotation": [
        [
          0.9861287182645523,
          0.16420445363630354,
          -0.024229082110392163
        ],
        [
          -0.1383637790313062,
          0.8938669022070292,
          0.42644744786548466
        ],
        [
          0.09168214475068491,
          -0.4171796478075269,
          0.904187771311414
        ]
      ]
    },
    {
      "frame": 65,
      "timestamp": 312436913691386,
      "position": [
        0.21113194013314113,
        0.19108263324670816,
        -3.2187550866404413
      ],
      "rotation": [
        [
          0.9776600451015196,
          0.20937567429923046,
          -0.018511164842735867
        ],
        [
          -0.17596744354427168,
          0.8634582535199106,
          0.4727317455395182
        ],
        [
          0.1149621460507176,
          -0.4589135773106833,
          0.8810119372263493
        ]
      ]
    },
    {
      "frame": 70,
      "timestamp": 312437079584407,
      "position": [
        0.1431456005151872,
        0.8287196743901147,
        -3.986086085223995
      ],
      "rotation": [
        [
          0.973025590455097,
          0.23068048059880772,
          0.002777803126687999
        ],
        [
          -0.1979547625326898,
          0.828681915638934,
          0.5235457904363408
        ],
        [
          0.11846987933704702,
          -0.5099733312279077,
          0.8519930100218992
        ]
      ]
    },
    {
      "frame": 75,
      "timestamp": 312437250936698,
      "position": [
        -0.36534493985012806,
        0.39367497654616623,
        -4.729169849840647
      ],
      "rotation": [
        [
          0.9632621768176496,
          0.2649451053343522,
          0.04393256049776624
        ],
        [
          -0.23926895117430677,
          0.7723405379369496,
          0.58842201051899
        ],
        [
          0.12196863415021374,
          -0.5773163644126431,
          0.8073595652897779
        ]
      ]
    },
    {
      "frame": 80,
      "timestamp": 312437415237584,
      "position": [
        0.17191564884463872,
        0.6487829591874259,
        -5.533079656366266
      ],
      "rotation": [
        [
          0.948657002178955,
          0.31158340120583383,
          0.0544580233743423
        ],
        [
          -0.28055641269946263,
          0.7493612569977117,
          0.5997881340973809
        ],
        [
          0.14607529397555738,
          -0.5842717609159401,
          0.7983035249115092
        ]
      ]
    },
    {
      "frame": 85,
      "timestamp": 312437580739250,
      "position": [
        -0.040116479395215426,
        0.2411159509627281,
        -6.421251929632665
      ],
      "rotation": [
        [
          0.9390036636794783,
          0.33743801760071734,
          0.06639054054768707
        ],
        [
          -0.28809630496343225,
          0.6663962234412494,
          0.6876893138981114
        ],
        [
          0.1878101133137768,
          -0.6648696546398681,
          0.7229631412984543
        ]
      ]
    },
    {
      "frame": 90,
      "timestamp": 312437749205344,
      "position": [
        -0.1465954453615354,
        -0.3716695529565748,
        -7.204294812234319
      ],
      "rotation": [
        [
          0.9122731503764676,
          0.39602636277714237,
          0.10450272287218634
        ],
        [
          -0.3194906872880526,
          0.5284060164374925,
          0.7865829787942691
        ],
        [
          0.25628772861454363,
          -0.750966178851063,
          0.6085773561211687
        ]
      ]
    },
    {
      "frame": 95,
      "timestamp": 312437911973938,
      "position": [
        -0.4489108030009032,
        -1.0531122637565833,
        -7.8708090704710925
      ],
      "rotation": [
        [
          0.8838057669219878,
          0.4292192109025725,
          0.18616722414971207
        ],
        [
          -0.3665242782960474,
          0.38790628988411735,
          0.8456882780835369
        ],
        [
          0.2907702181706341,
          -0.8156589846624085,
          0.5001530775317605
        ]
      ]
    },
    {
      "frame": 100,
      "timestamp": 312438081667115,
      "position": [
        -0.6093027843449779,
        -1.964318731777385,
        -8.25025232704258
      ],
      "rotation": [
        [
          0.8593416861482116,
          0.4491797362240946,
          0.24447787428231724
        ],
        [
          -0.37862893311494733,
          0.23747870941229218,
          0.8945635771615705
        ],
        [
          0.3437615415606941,
          -0.8613021694745252,
          0.37414779887404404
        ]
      ]
    },
    {
      "frame": 105,
      "timestamp": 312438248657583,
      "position": [
        -0.6028873797979727,
        -0.9856802496584508,
        -8.04476372906098
      ],
      "rotation": [
        [
          0.8458173610053193,
          0.4540730940150682,
          0.2800189584895633
        ],
        [
          -0.3639623985215196,
          0.10741064310568355,
          0.925199614250937
        ],
        [
          0.3900312350113256,
          -0.8844662678922274,
          0.2561153190973465
        ]
      ]
    },
    {
      "frame": 110,
      "timestamp": 312438412489562,
      "position": [
        -0.700492033316745,
        -1.9788369742912149,
        -7.980630649233191
      ],
      "rotation": [
        [
          0.8338122781581092,
          0.46658627212701254,
          0.29504971692140397
        ],
        [
          -0.3276888581092326,
          -0.011800634336613639,
          0.9447119970130142
        ],
        [
          0.44427142274048087,
          -0.8843969672561469,
          0.1430556089228232
        ]
      ]
    },
    {
      "frame": 115,
      "timestamp": 312438580485760,
      "position": [
        -0.5890093570045118,
        -0.9934047678376092,
        -8.109063430742575
      ],
      "rotation": [
        [
          0.8140836435653408,
          0.4772526868607668,
          0.33090435803046997
        ],
        [
          -0.3070712667353356,
          -0.1298866744445166,
          0.9427813579761202
        ],
        [
          0.4929250028401228,
          -0.8691141033753408,
          0.04081196992480228
        ]
      ]
    },
    {
      "frame": 120,
      "timestamp": 312438750523364,
      "position": [
        -0.5937342367403093,
        -1.8082442390290163,
        -8.68873084547277
      ],
      "rotation": [
        [
          0.8026832263815432,
          0.46329771031702566,
          0.3755727222532498
        ],
        [
          -0.2873785711550587,
          -0.2513481969886407,
          0.924249771821142
        ],
        [
          0.52260232962224,
          -0.8498113411137558,
          -0.06861114769370723
        ]
      ]
    },
    {
      "frame": 125,
      "timestamp": 312438915494354,
      "position": [
        -0.5846318867758802,
        -1.5879206852024523,
        -9.664115220401115
      ],
      "rotation": [
        [
          0.8499149058214045,
          0.34864809243998107,
          0.3950812074758228
        ],
        [
          -0.32657936077468214,
          -0.239866547390775,
          0.914226427401235
        ],
        [
          0.413510065147865,
          -0.9060400361357057,
          -0.0900048828709733
        ]
      ]
    },
    {
      "frame": 130,
      "timestamp": 312439079553052,
      "position": [
        -1.0186409284699232,
        -2.437723127984484,
        -9.963233859020491
      ],
      "rotation": [
        [
          0.8246780495564995,
          0.3594654981441089,
          0.43668142875979304
        ],
        [
          -0.30801316610315493,
          -0.3621168652262595,
          0.8797722804372813
        ],
        [
          0.4743774911257875,
          -0.8600325177356459,
          -0.18790972393808925
        ]
      ]
    },
    {
      "frame": 135,
      "timestamp": 312439243246645,
      "position": [
        -1.23857603733028,
        -3.406680638826298,
        -9.850318447876502
      ],
      "rotation": [
        [
          0.8121966217665031,
          0.34588628060247173,
          0.46978647115691385
        ],
        [
          -0.288411208043395,
          -0.46192041585228283,
          0.8387183701897806
        ],
        [
          0.5071051396564891,
          -0.8166959105504583,
          -0.275412721246005
        ]
      ]
    },
    {
      "frame": 140,
      "timestamp": 312439413869510,
      "position": [
        -0.6129701952711397,
        -2.725767460906079,
        -10.231073716410055
      ],
      "rotation": [
        [
          0.7982909033273783,
          0.3322196747347761,
          0.5023561698475248
        ],
        [
          -0.2686199972076362,
          -0.5501448750623037,
          0.7906857236240261
        ],
        [
          0.5390500262173499,
          -0.7661401335015686,
          -0.34993480117483616
        ]
      ]
    },
    {
      "frame": 145,
      "timestamp": 312439582886072,
      "position": [
        -1.3313421951244169,
        -3.37394479299923,
        -9.978471626182353
      ],
      "rotation": [
        [
          0.7775448763136237,
          0.30136730822536917,
          0.5519073390084831
        ],
        [
          -0.2644655790023833,
          -0.6395602786091253,
          0.7218175722080683
        ],
        [
          0.5705102302688039,
          -0.7072060488700677,
          -0.4175855380640265
        ]
      ]
    }
  ],
  "statistics": {
    "total_distance": 28.999999999999982,
    "average_speed": 6.019051977157801,
    "max_speed": 6.490797639193045,
    "bounds": {
      "min": [
        -1.3313421951244169,
        -3.406680638826298,
        -10.231073716410055
      ],
      "max": [
        0.8506733993316657,
        1.2825404859528078,
        1.9292053235621904
      ],
      "range": [
        2.1820155944560824,
        4.689221124779106,
        12.160279039972245
      ]
    }
  }
}