{
  "visual_trajectory": [
    {
      "timestamp": 309418287131235,
      "position": [
        0.0,
        0.0,
        0.0
      ],
      "rotation": [
        [
          1.0,
          0.0,
          0.0
        ],
        [
          0.0,
          1.0,
          0.0
        ],
        [
          0.0,
          0.0,
          1.0
        ]
      ],
      "frame_number": 1
    },
    {
      "timestamp": 309418314820558,
      "position": [
        -0.11641113050902208,
        -0.07458843436704556,
        0.9903963924370305
      ],
      "rotation": [
        [
          0.9999982670277929,
          6.291285361675997e-05,
          -0.0018606405842167305
        ],
        [
          -5.9249108554414516e-05,
          0.9999980596307899,
          0.0019690668344270724
        ],
        [
          0.0018607608535006293,
          -0.001968953180792979,
          0.999996330389476
        ]
      ],
      "frame_number": 2
    },
    {
      "timestamp": 309418340280298,
      "position": [
        -0.3169074489136653,
        0.6834644884001486,
        1.6110065700769869
      ],
      "rotation": [
        [
          0.9999982670277929,
          6.291285361669444e-05,
          -0.0018606405842163506
        ],
        [
          -5.9249108554466924e-05,
          0.9999980596307899,
          0.001969066834426874
        ],
        [
          0.001860760853500545,
          -0.0019689531807928996,
          0.999996330389476
        ]
      ],
      "frame_number": 3
    },
    {
      "timestamp": 309418374015142,
      "position": [
        0.08932378404162633,
        0.8894101354626615,
        2.5012664062077805
      ],
      "rotation": [
        [
          0.999997787799909,
          0.0010825741221730924,
          -0.0018034490728754233
        ],
        [
          -0.001083598861620261,
          0.9999992519743875,
          -0.0005673307432716837
        ],
        [
          0.001802833546268341,
          0.0005692837035850789,
          0.9999982128520378
        ]
      ],
      "frame_number": 4
    },
    {
      "timestamp": 309418408025246,
      "position": [
        0.5220386897355733,
        0.8487055470601303,
        1.6006549767481832
      ],
      "rotation": [
        [
          0.9999917088605959,
          -0.00013415952863113291,
          -0.004069915390591506
        ],
        [
          0.00013276707258984182,
          0.9999999325668335,
          -0.0003424021508955928
        ],
        [
          0.004069961052655571,
          0.00034185896123915403,
          0.999991659239956
        ]
      ],
      "frame_number": 5
    },
    {
      "timestamp": 309418438430089,
      "position": [
        -0.05303448285611778,
        1.4261768101860908,
        1.021157102352568
      ],
      "rotation": [
        [
          0.9999917088605959,
          -0.00013415952863087363,
          -0.004069915390591701
        ],
        [
          0.00013276707258956698,
          0.9999999325668334,
          -0.00034240215089564424
        ],
        [
          0.004069961052655864,
          0.0003418589612389264,
          0.9999916592399563
        ]
      ],
      "frame_number": 6
    },
    {
      "timestamp": 309418472091079,
      "position": [
        -0.2785728539996306,
        1.5347995108457175,
        0.05299722297140874
      ],
      "rotation": [
        [
          0.9999891299276626,
          0.0017690428884777943,
          -0.004313990469985287
        ],
        [
          -0.0017673386369410505,
          0.9999983587220853,
          0.0003988323937699445
        ],
        [
          0.004314688941138226,
          -0.0003912037763966049,
          0.999990615165436
        ]
      ],
      "frame_number": 7
    },
    {
      "timestamp": 309418506465975,
      "position": [
        -0.8260114423218716,
        1.644791418119196,
        0.8825831271128032
      ],
      "rotation": [
        [
          0.9999891299276626,
          0.0017690428884879102,
          -0.0043139904699846
        ],
        [
          -0.0017673386369510043,
          0.9999983587220853,
          0.0003988323937708522
        ],
        [
          0.004314688941137232,
          -0.0003912037763973419,
          0.999990615165436
        ]
      ],
      "frame_number": 8
    },
    {
      "timestamp": 309418540406339,
      "position": [
        -0.2521794899184395,
        1.0666519890739283,
        1.4626449263929135
      ],
      "rotation": [
        [
          -0.32927502492382865,
          -0.6675160559618175,
          0.667832518671105
        ],
        [
          -0.6689467663668829,
          -0.3342513456487554,
          -0.6639173605948913
        ],
        [
          0.6663994160626968,
          -0.6653558092969325,
          -0.3364720869643154
        ]
      ],
      "frame_number": 9
    },
    {
      "timestamp": 309418573008996,
      "position": [
        0.32867734483066824,
        0.49010263096665607,
        2.037271914265344
      ],
      "rotation": [
        [
          -0.3292750249238285,
          -0.6675160559618175,
          0.667832518671105
        ],
        [
          -0.6689467663668829,
          -0.3342513456487556,
          -0.6639173605948911
        ],
        [
          0.6663994160626967,
          -0.6653558092969324,
          -0.3364720869643154
        ]
      ],
      "frame_number": 10
    },
    {
      "timestamp": 309418605243214,
      "position": [
        -0.2450517359164781,
        0.07420698830608174,
        1.331675885137499
      ],
      "rotation": [
        [
          -0.3244981967042658,
          -0.6658309298358405,
          0.6718408243100592
        ],
        [
          -0.6796036425781818,
          -0.3299114268201276,
          -0.6552078597269531
        ],
        [
          0.6579056234218907,
          -0.6691992403817026,
          -0.3454454621823917
        ]
      ],
      "frame_number": 11
    },
    {
      "timestamp": 309418641683787,
      "position": [
        0.4658451275523541,
        -0.41925480568801754,
        0.8305560318306258
      ],
      "rotation": [
        [
          -0.32458382613049075,
          -0.6657892132522496,
          0.6718408020740047
        ],
        [
          -0.6782856868104732,
          -0.3312059076820508,
          -0.6559200971037201
        ],
        [
          0.659222168075783,
          -0.6686010546158744,
          -0.3440912130293439
        ]
      ],
      "frame_number": 12
    },
    {
      "timestamp": 309418671633318,
      "position": [
        1.115388533320278,
        0.19824376184010084,
        0.3869471014379574
      ],
      "rotation": [
        [
          -0.8768777337860381,
          -0.4474579632014732,
          0.17568953058691475
        ],
        [
          0.2347864893511903,
          -0.07973044334472806,
          0.9687715730873804
        ],
        [
          -0.4194767507364455,
          0.8907437496674576,
          0.17497093478618791
        ]
      ],
      "frame_number": 13
    },
    {
      "timestamp": 309418707239308,
      "position": [
        1.469803626024142,
        0.14177294321416534,
        -0.5464343793658072
      ],
      "rotation": [
        [
          -0.8758445707787249,
          -0.4477402375904249,
          0.18006934075488856
        ],
        [
          0.23472998803064096,
          -0.06922103254880296,
          0.9695928430903427
        ],
        [
          -0.42166114423381185,
          0.8914803016866649,
          0.16572492615200213
        ]
      ],
      "frame_number": 14
    },
    {
      "timestamp": 309418739291860,
      "position": [
        1.8058696480746996,
        1.063481888758652,
        -0.35275358907832055
      ],
      "rotation": [
        [
          -0.8758445707787192,
          -0.4477402375904318,
          0.18006934075489903
        ],
        [
          0.2347299880306494,
          -0.0692210325487934,
          0.9695928430903412
        ],
        [
          -0.4216611442338189,
          0.8914803016866623,
          0.16572492615199877
        ]
      ],
      "frame_number": 15
    },
    {
      "timestamp": 309418773689568,
      "position": [
        1.0752754441159882,
        1.6423451786936043,
        -0.714899140904685
      ],
      "rotation": [
        [
          -0.875158891062224,
          -0.4491234934456916,
          0.1799583369279548
        ],
        [
          0.23486345645891055,
          -0.06916040900403132,
          0.9695648480873104
        ],
        [
          -0.42300835950949356,
          0.8907889342945008,
          0.16600904289693277
        ]
      ],
      "frame_number": 16
    },
    {
      "timestamp": 309418806249725,
      "position": [
        1.3175466139298626,
        1.5556821227777415,
        -1.6812294131285974
      ],
      "rotation": [
        [
          0.7699146554825633,
          0.3812076430450453,
          -0.5117735399150752
        ],
        [
          0.33102143448247345,
          0.4470649170778942,
          0.8309980564545864
        ],
        [
          0.5455788056608619,
          -0.8092055936547748,
          0.21801393077391487
        ]
      ],
      "frame_number": 17
    },
    {
      "timestamp": 309418836804829,
      "position": [
        2.267255959375343,
        1.7766773150634558,
        -1.903070086045257
      ],
      "rotation": [
        [
          -0.022772144282308376,
          0.7539144742475192,
          0.6565777904901073
        ],
        [
          0.3691403952418302,
          0.616680173972168,
          -0.6952991669996177
        ],
        [
          -0.9290946119989572,
          0.22653593213824383,
          -0.29234341689999904
        ]
      ],
      "frame_number": 18
    },
    {
      "timestamp": 309418871097225,
      "position": [
        3.264887542304682,
        1.7333738512612789,
        -1.9565119681662517
      ],
      "rotation": [
        [
          -0.02277214428231016,
          0.7539144742475224,
          0.6565777904901036
        ],
        [
          0.36914039524182685,
          0.6166801739721648,
          -0.6952991669996224
        ],
        [
          -0.9290946119989585,
          0.22653593213824003,
          -0.2923434168999978
        ]
      ],
      "frame_number": 19
    },
    {
      "timestamp": 309418906168579,
      "position": [
        3.1955426781038954,
        1.1890255321416243,
        -2.7925001243506467
      ],
      "rotation": [
        [
          -0.8578992900664211,
          -0.5114009859717903,
          0.04977790323638243
        ],
        [
          0.5115310391069023,
          -0.8591936622478963,
          -0.01105652672686193
        ],
        [
          0.048423177650227744,
          0.015977556137492244,
          0.9986991106264833
        ]
      ],
      "frame_number": 20
    },
    {
      "timestamp": 309418939734829,
      "position": [
        3.0886074989471273,
        1.080901906578374,
        -3.780869563909443
      ],
      "rotation": [
        [
          -0.8584642134863073,
          -0.5104507830989342,
          0.04979148719429767
        ],
        [
          0.5106717339362756,
          -0.8597272060584433,
          -0.009138452903101304
        ],
        [
          0.04747182661174742,
          0.017582070316833197,
          0.9987178262560046
        ]
      ],
      "frame_number": 21
    },
    {
      "timestamp": 309418973679100,
      "position": [
        2.9844625230818367,
        0.4701047139412956,
        -2.995961535240682
      ],
      "rotation": [
        [
          0.6737236200321681,
          0.6589022279242331,
          -0.3345808390318138
        ],
        [
          0.0797767669835164,
          0.3852622743528231,
          0.919352297767372
        ],
        [
          0.734664652246459,
          -0.6460811357693168,
          0.20699520463677903
        ]
      ],
      "frame_number": 22
    },
    {
      "timestamp": 309419004957433,
      "position": [
        3.2843172492312895,
        -0.26531384209227693,
        -2.3883048141823737
      ],
      "rotation": [
        [
          0.6737236200321702,
          0.658902227924226,
          -0.3345808390318229
        ],
        [
          0.0797767669835225,
          0.38526227435283134,
          0.9193522977673686
        ],
        [
          0.7346646522464559,
          -0.6460811357693196,
          0.20699520463678164
        ]
      ],
      "frame_number": 23
    },
    {
      "timestamp": 309419038847433,
      "position": [
        2.793238055480674,
        -0.6848134420040484,
        -1.6248512719552721
      ],
      "rotation": [
        [
          0.671807008596476,
          0.6628610478025968,
          -0.33059124989433214
        ],
        [
          0.08931202094577188,
          0.3705636219381735,
          0.9245030908605145
        ],
        [
          0.7353221784464532,
          -0.6506134285442504,
          0.18974577856347974
        ]
      ],
      "frame_number": 24
    },
    {
      "timestamp": 309419076012433,
      "position": [
        3.1698009279159565,
        -1.5960520996630978,
        -1.7917180208629715
      ],
      "rotation": [
        [
          0.6719525754213682,
          0.6627797686447218,
          -0.3304583402788293
        ],
        [
          0.09105858292736556,
          0.3688833450438664,
          0.9250045471372066
        ],
        [
          0.7349748777066136,
          -0.651650255907642,
          0.18752032720656137
        ]
      ],
      "frame_number": 25
    },
    {
      "timestamp": 309419106529672,
      "position": [
        2.755995117981236,
        -0.6856911363253245,
        -1.7889488883283815
      ],
      "rotation": [
        [
          0.6726427077328716,
          0.6622309112393898,
          -0.3301545212969787
        ],
        [
          0.09274481241404393,
          0.3672061681696994,
          0.9255042030311965
        ],
        [
          0.7341322683986012,
          -0.6531537722903946,
          0.18558006961620216
        ]
      ],
      "frame_number": 26
    },
    {
      "timestamp": 309419137794308,
      "position": [
        3.1447734474476503,
        -1.602313367567826,
        -1.6959161213625278
      ],
      "rotation": [
        [
          0.672607942071858,
          0.6624383054308781,
          -0.32980910806059627
        ],
        [
          0.09549967480304819,
          0.36425688996701633,
          0.9263890814469201
        ],
        [
          0.7338108532683159,
          -0.6545933161967226,
          0.18173943440048101
        ]
      ],
      "frame_number": 27
    },
    {
      "timestamp": 309419176308735,
      "position": [
        3.469706959484097,
        -2.5454089318437605,
        -1.7665487582856807
      ],
      "rotation": [
        [
          0.6725837748288165,
          0.6631142977200484,
          -0.32849732722849684
        ],
        [
          0.09853869866492747,
          0.3596981975889645,
          0.9278509209548012
        ],
        [
          0.7334311083547276,
          -0.6564271740341773,
          0.17658475157006834
        ]
      ],
      "frame_number": 28
    },
    {
      "timestamp": 309419204632016,
      "position": [
        3.965383724075344,
        -3.4136555845836662,
        -1.7452815287927774
      ],
      "rotation": [
        [
          0.6726997198269455,
          0.6644364768645944,
          -0.3255752680356941
        ],
        [
          0.10023001084718156,
          0.3541318000627583,
          0.9298089121480199
        ],
        [
          0.7330955134703276,
          -0.6581146073413624,
          0.1716278874006298
        ]
      ],
      "frame_number": 29
    },
    {
      "timestamp": 309419238214777,
      "position": [
        4.344335244463361,
        -4.311374419442266,
        -1.9699961004959279
      ],
      "rotation": [
        [
          0.6726358493229506,
          0.6646389081047428,
          -0.3252939225361083
        ],
        [
          0.10384945294279714,
          0.3504627214968153,
          0.9308013601002777
        ],
        [
          0.7326501930178377,
          -0.6598719593030001,
          0.16671140331886933
        ]
      ],
      "frame_number": 30
    },
    {
      "timestamp": 309419270651339,
      "position": [
        3.858337812660068,
        -3.45216187755784,
        -2.1298720028361764
      ],
      "rotation": [
        [
          0.6729437620121991,
          0.6653448339637772,
          -0.32320727882673445
        ],
        [
          0.10570598509302054,
          0.3459617828925679,
          0.9322750074378854
        ],
        [
          0.732101726459092,
          -0.6615335945328165,
          0.16248189259148083
        ]
      ],
      "frame_number": 31
    },
    {
      "timestamp": 309419305032485,
      "position": [
        3.486228117815571,
        -2.5258372598776546,
        -2.188668921823434
      ],
      "rotation": [
        [
          0.6718955067511962,
          0.6659489590736741,
          -0.324142579610027
        ],
        [
          0.10810800802660961,
          0.34477933921363874,
          0.93243759354282
        ],
        [
          0.7327135092299519,
          -0.6615430380255662,
          0.1596612734254439
        ]
      ],
      "frame_number": 32
    },
    {
      "timestamp": 309419339243787,
      "position": [
        2.8813434584867745,
        -2.991351117656878,
        -1.5425950892592373
      ],
      "rotation": [
        [
          0.6719372496016597,
          0.6660833348235221,
          -0.32377974561132117
        ],
        [
          0.10986288613706682,
          0.3426979698274581,
          0.9329995968518813
        ],
        [
          0.7324141443523532,
          -0.662488560313696,
          0.15709369371842313
        ]
      ],
      "frame_number": 33
    },
    {
      "timestamp": 309419370928995,
      "position": [
        2.3936265131537313,
        -3.0045777732330263,
        -0.6696934700504763
      ],
      "rotation": [
        [
          0.6724017351507575,
          0.6689227717573379,
          -0.3168883588753776
        ],
        [
          0.10959083193491215,
          0.3334313858791617,
          0.9363831269659422
        ],
        [
          0.7320285213856514,
          -0.6643536982174336,
          0.15089203936177908
        ]
      ],
      "frame_number": 34
    },
    {
      "timestamp": 309419404320870,
      "position": [
        2.2385460775606343,
        -2.0184564396891687,
        -0.7289789997009741
      ],
      "rotation": [
        [
          0.6720260646047197,
          0.6684934942703267,
          -0.31858659201250233
        ],
        [
          0.11325781368341262,
          0.33237118185820946,
          0.936323696757607
        ],
        [
          0.7318153019249769,
          -0.6653163500083433,
          0.14764998570955315
        ]
      ],
      "frame_number": 35
    },
    {
      "timestamp": 309419436615141,
      "position": [
        2.400485245754943,
        -1.0586856031191483,
        -0.4995979911710189
      ],
      "rotation": [
        [
          0.67241134272991,
          0.6688222640931913,
          -0.3170800612170606
        ],
        [
          0.11383737252419879,
          0.32984142477816697,
          0.9371476335760002
        ],
        [
          0.7313713412384605,
          -0.6662442596777587,
          0.145652146092982
        ]
      ],
      "frame_number": 36
    },
    {
      "timestamp": 309419470670037,
      "position": [
        2.8674544722965125,
        -1.9399810359688887,
        -0.4270852233203907
      ],
      "rotation": [
        [
          0.673588434935792,
          0.6666410973168112,
          -0.3191680868899426
        ],
        [
          0.11855268654361079,
          0.3287878030075828,
          0.9369332105901363
        ],
        [
          0.7295367576990487,
          -0.6689456091205646,
          0.14243556860656933
        ]
      ],
      "frame_number": 37
    },
    {
      "timestamp": 309419504388631,
      "position": [
        3.5076048627676357,
        -2.707827634591741,
        -0.40220393390470033
      ],
      "rotation": [
        [
          0.6737900008141681,
          0.6660820051485259,
          -0.31990904523029723
        ],
        [
          0.12215611236968722,
          0.3265744765576593,
          0.9372443627314153
        ],
        [
          0.7287557334344379,
          -0.6705847252051068,
          0.1386766285573243
        ]
      ],
      "frame_number": 38
    },
    {
      "timestamp": 309419538484256,
      "position": [
        4.039358885359502,
        -3.5513414456797285,
        -0.32655930447742443
      ],
      "rotation": [
        [
          0.6751101567067551,
          0.666069803923199,
          -0.3171392322199985
        ],
        [
          0.12393263498972779,
          0.3213830113147774,
          0.9388043789963648
        ],
        [
          0.7272324100972679,
          -0.6731002721288677,
          0.13442114924431786
        ]
      ],
      "frame_number": 39
    },
    {
      "timestamp": 309419570638110,
      "position": [
        4.273534557424615,
        -4.4798514952614745,
        -0.6147100331569828
      ],
      "rotation": [
        [
          0.6761110399261765,
          0.6646137681875711,
          -0.31806037292542505
        ],
        [
          0.1263212935095608,
          0.3207266935460343,
          0.9387104552805946
        ],
        [
          0.7258903446774954,
          -0.6748502998314106,
          0.13289198742377897
        ]
      ],
      "frame_number": 40
    },
    {
      "timestamp": 309419607236704,
      "position": [
        4.533465501454595,
        -5.154655339607085,
        0.07599661658085433
      ],
      "rotation": [
        [
          -0.8171160318328443,
          0.10883123005617941,
          -0.5661070162842057
        ],
        [
          -0.009879831642643534,
          -0.9845174339971692,
          -0.17500803147953262
        ],
        [
          -0.5763885663755453,
          -0.1374088262088278,
          0.8055402131684405
        ]
      ],
      "frame_number": 41
    },
    {
      "timestamp": 309419637326860,
      "position": [
        4.911746347338502,
        -4.995144746093441,
        -0.8358476531243861
      ],
      "rotation": [
        [
          -0.8171213626961509,
          0.10788415454264691,
          -0.5662805734123366
        ],
        [
          -0.010445509219729757,
          -0.984941470282343,
          -0.17257227893029384
        ],
        [
          -0.576371034978965,
          -0.13509740677257143,
          0.8059436213039989
        ]
      ],
      "frame_number": 42
    },
    {
      "timestamp": 309419670604516,
      "position": [
        4.436731014858929,
        -5.405564419880505,
        -0.057441508956803444
      ],
      "rotation": [
        [
          -0.8183360652859979,
          0.10571352158545623,
          -0.5649342754747965
        ],
        [
          -0.009512746128599064,
          -0.9852954757744018,
          -0.17059405933263422
        ],
        [
          -0.5746612845088148,
          -0.13422919493350047,
          0.8073084486825242
        ]
      ],
      "frame_number": 43
    },
    {
      "timestamp": 309419706099464,
      "position": [
        3.77811399150672,
        -5.791086400395113,
        0.5887754972344388
      ],
      "rotation": [
        [
          -0.8186393524193383,
          0.10429096614895259,
          -0.5647592452099972
        ],
        [
          -0.009655519086165743,
          -0.9857339125095247,
          -0.1680339985831419
        ],
        [
          -0.5742267684648816,
          -0.13210620011332397,
          0.8079675552087461
        ]
      ],
      "frame_number": 44
    },
    {
      "timestamp": 309419738886912,
      "position": [
        2.9380066771935693,
        -5.9434276491791795,
        1.109363476692724
      ],
      "rotation": [
        [
          -0.8181928715890961,
          0.10253330403031614,
          -0.5657272721421671
        ],
        [
          -0.009169723082560087,
          -0.9861716179659162,
          -0.16547343018465066
        ],
        [
          -0.5748707168219446,
          -0.1302016185886838,
          0.8078187899878976
        ]
      ],
      "frame_number": 45
    },
    {
      "timestamp": 309419775345974,
      "position": [
        3.0832944038776176,
        -5.6120075592973135,
        0.17713378369980248
      ],
      "rotation": [
        [
          -0.8191053588328078,
          0.10411822772327675,
          -0.5641150643150235
        ],
        [
          -0.011132246158287055,
          -0.9860902418155687,
          -0.16583759553123917
        ],
        [
          -0.5735350767188062,
          -0.1295585954380352,
          0.8088708711044532
        ]
      ],
      "frame_number": 46
    },
    {
      "timestamp": 309419804319412,
      "position": [
        3.62214779609071,
        -5.244616753773248,
        -0.5809302094543529
      ],
      "rotation": [
        [
          -0.8186730822922147,
          0.10573149047877785,
          -0.5644424118112515
        ],
        [
          -0.01394577476381545,
          -0.9862747996475825,
          -0.1645221412040218
        ],
        [
          -0.5740904978279991,
          -0.1268182617025494,
          0.8089111377662842
        ]
      ],
      "frame_number": 47
    },
    {
      "timestamp": 309419836709985,
      "position": [
        3.380827044359541,
        -5.430355973562103,
        0.3715745081277346
      ],
      "rotation": [
        [
          -0.8195158998524122,
          0.10560679040027636,
          -0.5632414186744834
        ],
        [
          -0.015152036047645935,
          -0.9865221059724119,
          -0.16292498344749393
        ],
        [
          -0.572856095099546,
          -0.12498536013913175,
          0.8100707092953009
        ]
      ],
      "frame_number": 48
    },
    {
      "timestamp": 309419871241287,
      "position": [
        2.671741677703503,
        -5.800303799051752,
        0.9718549002860609
      ],
      "rotation": [
        [
          -0.8195158998523917,
          0.10560679040044134,
          -0.5632414186744823
        ],
        [
          -0.015152036047838923,
          -0.9865221059724074,
          -0.16292498344750223
        ],
        [
          -0.5728560950995704,
          -0.12498536013902654,
          0.8100707092953
        ]
      ],
      "frame_number": 49
    },
    {
      "timestamp": 309419905091860,
      "position": [
        2.3654714848678067,
        -5.7464062399774045,
        1.9222725043455688
      ],
      "rotation": [
        [
          -0.819554969882716,
          0.10523448538807383,
          -0.5632542538016464
        ],
        [
          -0.01627786199670398,
          -0.9868698744584291,
          -0.16069499710699883
        ],
        [
          -0.5727693100623973,
          -0.1225298085018924,
          0.8105071026703808
        ]
      ],
      "frame_number": 50
    },
    {
      "timestamp": 309419938621755,
      "position": [
        1.9252120687196996,
        -5.034547515641137,
        2.469473384351507
      ],
      "rotation": [
        [
          -0.8194735711354548,
          0.10678975676195139,
          -0.5630799357651004
        ],
        [
          -0.018960746955290958,
          -0.9870007570336067,
          -0.15959321943611104
        ],
        [
          -0.572803243955025,
          -0.12010600928267309,
          0.8108458486351094
        ]
      ],
      "frame_number": 51
    },
    {
      "timestamp": 309419974098578,
      "position": [
        1.7917466645564821,
        -5.709339689981505,
        3.195312558921566
      ],
      "rotation": [
        [
          -0.8191770621985328,
          0.10919816464626633,
          -0.563049466393202
        ],
        [
          -0.022185878009730927,
          -0.9870063035087937,
          -0.1591425262173551
        ],
        [
          -0.5731114442974565,
          -0.11787416032274461,
          0.810955581239498
        ]
      ],
      "frame_number": 52
    },
    {
      "timestamp": 309420004437537,
      "position": [
        1.347112240697724,
        -5.981472956657992,
        4.048684526054173
      ],
      "rotation": [
        [
          -0.8192883771300365,
          0.10982680371852936,
          -0.5627651626430017
        ],
        [
          -0.023918137431709004,
          -0.9871762090509866,
          -0.15783236355550814
        ],
        [
          -0.5728826038565205,
          -0.11584992649411914,
          0.8114088468397919
        ]
      ],
      "frame_number": 53
    },
    {
      "timestamp": 309420036265974,
      "position": [
        1.0103786206576717,
        -6.551165376751024,
        3.2989772394260757
      ],
      "rotation": [
        [
          0.22393779255907176,
          -0.8098650437531725,
          -0.5421904425295957
        ],
        [
          -0.48084237667995766,
          0.3920870830695774,
          -0.7842565448109212
        ],
        [
          0.8477278300566389,
          0.43633282044405114,
          -0.30161431655476845
        ]
      ],
      "frame_number": 54
    },
    {
      "timestamp": 309420070663266,
      "position": [
        1.449415347918645,
        -5.721628817545769,
        3.644108879612661
      ],
      "rotation": [
        [
          0.2248107251522987,
          -0.8107028874714186,
          -0.5405746628376127
        ],
        [
          -0.4795622152249967,
          0.39087975196460745,
          -0.7856418403016641
        ],
        [
          0.8482217985792333,
          0.4358598946331148,
          -0.3009085121185823
        ]
      ],
      "frame_number": 55
    },
    {
      "timestamp": 309420104198422,
      "position": [
        1.403254476259188,
        -6.277842004056003,
        4.473865509643279
      ],
      "rotation": [
        [
          0.22767716964218554,
          -0.8090744932164528,
          -0.5418132250603156
        ],
        [
          -0.4771817112262208,
          0.39232727432340675,
          -0.786369457884261
        ],
        [
          0.8487995763988909,
          0.4375817343634273,
          -0.2967515877911293
        ]
      ],
      "frame_number": 56
    },
    {
      "timestamp": 309420137801755,
      "position": [
        1.957716971438246,
        -6.4907949368317315,
        3.6693641797114833
      ],
      "rotation": [
        [
          -0.5990606863677234,
          0.7476203074313811,
          -0.2866882801316449
        ],
        [
          -0.24450598257504802,
          -0.511747570637848,
          -0.8236086743297873
        ],
        [
          -0.7624586011932977,
          -0.4232945781160754,
          0.48936548877489594
        ]
      ],
      "frame_number": 57
    },
    {
      "timestamp": 309420170424360,
      "position": [
        0.9853713875245786,
        -6.580192757312351,
        3.4536048342895427
      ],
      "rotation": [
        [
          -0.17717815223753647,
          0.440765001150243,
          0.8799625651871318
        ],
        [
          0.8407196830405642,
          -0.3970528971352375,
          0.3681567756061117
        ],
        [
          0.5116623075016022,
          0.8050311861273074,
          -0.30021071340742667
        ]
      ],
      "frame_number": 58
    },
    {
      "timestamp": 309420205168005,
      "position": [
        0.158203863646736,
        -6.291412369206614,
        2.9715262360430588
      ],
      "rotation": [
        [
          -0.1771781522375407,
          0.44076500115024403,
          0.8799625651871301
        ],
        [
          0.8407196830405619,
          -0.3970528971352377,
          0.36815677560611687
        ],
        [
          0.5116623075016046,
          0.8050311861273064,
          -0.3002107134074255
        ]
      ],
      "frame_number": 59
    },
    {
      "timestamp": 309420236201860,
      "position": [
        1.1251373027026856,
        -6.509237824287641,
        3.1041603023841544
      ],
      "rotation": [
        [
          -0.1771781522375995,
          0.4407650011501364,
          0.8799625651871722
        ],
        [
          0.8407196830406503,
          -0.39705289713510494,
          0.3681567756060582
        ],
        [
          0.5116623075014392,
          0.8050311861274307,
          -0.30021071340737415
        ]
      ],
      "frame_number": 60
    },
    {
      "timestamp": 309420269458630,
      "position": [
        0.5356510429892603,
        -6.086504649360907,
        2.4158270891614912
      ],
      "rotation": [
        [
          -0.02221553000210517,
          -0.3744101347728445,
          -0.9269970448745265
        ],
        [
          0.9761387077394398,
          -0.20846141706235852,
          0.06080346083183616
        ],
        [
          -0.21600854955186405,
          -0.9035269163537589,
          0.3701073059867487
        ]
      ],
      "frame_number": 61
    },
    {
      "timestamp": 309420303888370,
      "position": [
        -0.4084831724780218,
        -5.990326889178487,
        2.7310419708379037
      ],
      "rotation": [
        [
          -0.022215530002262313,
          -0.3744101347728768,
          -0.9269970448745096
        ],
        [
          0.976138707739443,
          -0.20846141706238616,
          0.06080346083169011
        ],
        [
          -0.21600854955183343,
          -0.9035269163537392,
          0.3701073059868149
        ]
      ],
      "frame_number": 62
    },
    {
      "timestamp": 309420337541078,
      "position": [
        0.5336844818068902,
        -5.7798019500692135,
        2.470275099413823
      ],
      "rotation": [
        [
          -0.022810188037029566,
          -0.3742333713546457,
          -0.9270539785181064
        ],
        [
          0.976066034843754,
          -0.20893915499752264,
          0.06032847696826914
        ],
        [
          -0.21627480423318937,
          -0.903489796994662,
          0.3700424242981351
        ]
      ],
      "frame_number": 63
    },
    {
      "timestamp": 309420371430974,
      "position": [
        1.4495765473948965,
        -6.007005760095574,
        2.139336807730248
      ],
      "rotation": [
        [
          -0.022674791427034574,
          -0.37303351682251545,
          -0.9275407533692333
        ],
        [
          0.9761247591830489,
          -0.20873476406163455,
          0.06008537910312825
        ],
        [
          -0.21602386058852993,
          -0.9040330710760299,
          0.368860269014257
        ]
      ],
      "frame_number": 64
    },
    {
      "timestamp": 309420403625557,
      "position": [
        1.4102767936441765,
        -6.125096594435184,
        1.14711199237835
      ],
      "rotation": [
        [
          -0.022674791427033346,
          -0.37303351682252084,
          -0.9275407533692314
        ],
        [
          0.9761247591830503,
          -0.20873476406162647,
          0.06008537910312548
        ],
        [
          -0.21602386058852166,
          -0.9040330710760294,
          0.3688602690142634
        ]
      ],
      "frame_number": 65
    },
    {
      "timestamp": 309420436702016,
      "position": [
        2.2208269106674896,
        -5.923091344247788,
        0.5973826165121663
      ],
      "rotation": [
        [
          -0.024810074310554278,
          -0.3737660425562491,
          -0.9271911376003035
        ],
        [
          0.9757858900458329,
          -0.21067200952559478,
          0.05881497419794761
        ],
        [
          -0.21731626032159204,
          -0.9032808255654969,
          0.36994241871614725
        ]
      ],
      "frame_number": 66
    },
    {
      "timestamp": 309420475997953,
      "position": [
        3.21221779763294,
        -5.961999284649345,
        0.47236149263476984
      ],
      "rotation": [
        [
          -0.025151823524614515,
          -0.37361181926916104,
          -0.9272440855976244
        ],
        [
          0.9752929513094711,
          -0.21281010574285666,
          0.05929180398479628
        ],
        [
          -0.21947903065997804,
          -0.9028433238364781,
          0.36973353608302495
        ]
      ],
      "frame_number": 67
    },
    {
      "timestamp": 309420504042172,
      "position": [
        4.049841922247728,
        -5.441779284618696,
        0.3057572386932169
      ],
      "rotation": [
        [
          -0.023126856338539458,
          -0.372055996488107,
          -0.9279221325052759
        ],
        [
          0.974450492530003,
          -0.2158058196861366,
          0.06224215450661294
        ],
        [
          -0.22340856322873245,
          -0.9027747136837818,
          0.3675410592154839
        ]
      ],
      "frame_number": 68
    },
    {
      "timestamp": 309420534533943,
      "position": [
        5.023439457420879,
        -5.612496231340525,
        0.15421990465720067
      ],
      "rotation": [
        [
          -0.024589854680830373,
          -0.3718225397600871,
          -0.9279780913217377
        ],
        [
          0.9735822156281262,
          -0.21969358278489914,
          0.06222860351766363
        ],
        [
          -0.22700882903402486,
          -0.9019327738858873,
          0.3674020453550994
        ]
      ],
      "frame_number": 69
    },
    {
      "timestamp": 309420570060141,
      "position": [
        4.035666667913116,
        -5.768067395528814,
        0.1440942352396837
      ],
      "rotation": [
        [
          -0.023936282665592896,
          -0.3719093797058683,
          -0.9279603804360133
        ],
        [
          0.972932128882943,
          -0.22207829084799177,
          0.06390857001478119
        ],
        [
          -0.22984805189396712,
          -0.9013127348600092,
          0.3671583132923996
        ]
      ],
      "frame_number": 70
    },
    {
      "timestamp": 309420602324568,
      "position": [
        4.978864972172574,
        -6.075745734315396,
        0.2694377579427417
      ],
      "rotation": [
        [
          -0.02691906254964993,
          -0.36999041327021565,
          -0.9286454964945366
        ],
        [
          0.9719348768205889,
          -0.22687363417381934,
          0.06221695377069916
        ],
        [
          -0.23370485508689995,
          -0.9009081241752107,
          0.36571381229578237
        ]
      ],
      "frame_number": 71
    },
    {
      "timestamp": 309420636016859,
      "position": [
        5.83335323284777,
        -6.272904057981114,
        -0.21116437249116238
      ],
      "rotation": [
        [
          -0.02680763442893336,
          -0.3690671651196543,
          -0.9290160269698615
        ],
        [
          0.9716566293888639,
          -0.22797686150241575,
          0.06252955448566383
        ],
        [
          -0.2348717635242505,
          -0.901008311976115,
          0.36471807803968387
        ]
      ],
      "frame_number": 72
    },
    {
      "timestamp": 309420668317693,
      "position": [
        5.494589211772246,
        -5.544193883971538,
        0.3839998236091041
      ],
      "rotation": [
        [
          -0.0268076344289333,
          -0.3690671651196542,
          -0.9290160269698615
        ],
        [
          0.9716566293888637,
          -0.22797686150241567,
